2.031158156755552557e-02
1.759791590272359596e-02
1.669353968232472761e-04
2.257843046670617124e-04
8.611270365005739558e-02
7.356069259571244856e-02
2.193172785837411122e-05
1.391511482129138384e-05
3.614452657312027060e-03
2.092070087453409832e-02
3.540260228867320169e-02
3.630566437654901557e-02
1.807386008437791847e-02
1.984992887060570838e-02
3.475488232407549644e-02
3.540053619804662405e-02
3.034101360715430948e-02
4.412691402821969366e-02
1.618080160850826066e-01
1.250234511237737489e-01
1.570900732163404414e-03
1.590546772713425988e-03
1.372359257392056706e-02
1.574211672715070814e-02
2.950229992347292579e-02
4.854231950356597864e-04
1.540068091265896222e-03
4.765806363729305391e-03
4.900265227247676408e-02
5.606360259252875927e-02
3.618866596421569781e-03
1.758374829449390079e-03
6.074924519580970211e-02
6.203336831237779569e-02
3.744750222710629592e-04
7.223874234047254587e-04
3.821035685113916198e-04
6.853097582327019339e-04
2.988350212242317982e-04
3.088104267314706005e-04
2.000106226929759898e-03
1.904748805772506605e-03
9.599312128530299720e-03
9.880728187392058548e-03
3.923522439230596459e-02
2.314960566128924577e-02
3.190572033694633047e-02
1.998802046235389346e-02
1.382125232994078131e-03
1.404464700103120458e-03
1.424762737912101639e-02
2.359595209473555957e-02
2.248437897929339915e-02
1.782303519807374717e-03
5.916263506399872503e-04
6.546702178058133939e-03
5.605243031282389210e-03
1.118657504005998726e-02
1.411576245248230554e-02
9.400370775674713603e-03
1.267835149798723395e-02
6.119276493696090835e-02
6.138978330739118527e-02
