4.671743256628790170e-02
4.188678890043763536e-02
1.804242021809310606e-03
1.978430589117236970e-03
1.595389106702910786e-01
1.499585898286108498e-01
6.055278848860384854e-04
6.150877052954279106e-04
2.612725870090601768e-02
5.473262112312761440e-02
8.820192546032981640e-02
8.840046598917664089e-02
8.198707792527248905e-02
8.717489901324391999e-02
8.772330004775262535e-02
8.969614880796418499e-02
1.049746083925816031e-01
1.277701485890555821e-01
2.371750277113306993e-01
2.079379034103522594e-01
1.810143626840899148e-02
1.833754714935754981e-02
4.223454018286214307e-02
4.796631446655090503e-02
6.284631035761192863e-02
3.399143882353481815e-03
5.231849115374606791e-03
2.282016090471149575e-02
1.054682284801478631e-01
1.181516655251131365e-01
1.102497775733131229e-02
1.017249113910984049e-02
1.736986044934260842e-01
1.776535140386570066e-01
9.147882746557251324e-03
1.022733064462930282e-02
8.911673076528748780e-03
1.016481517299221496e-02
6.611964932271985861e-03
6.625128572997527124e-03
1.756885841942982737e-02
1.752106055212274138e-02
3.060806981317335668e-02
3.178779809128468026e-02
9.697298435529426441e-02
5.869232836261600167e-02
8.771811526807236914e-02
5.429759055063630713e-02
1.850297767904910892e-02
1.824913331549416970e-02
2.247451125082603959e-02
8.401904759615184959e-02
8.015818390371243218e-02
6.043310310974747343e-03
5.453103962922401481e-03
2.430063062820080402e-02
2.519477648586814292e-02
3.932445597673926013e-02
4.750405306807194139e-02
4.630441750530252948e-02
5.426574206453375210e-02
1.311695203001999599e-01
1.305779009732443985e-01
