4.342253660449341135e-02
3.913254789694608354e-02
1.798668179486222337e-03
1.969124766884473941e-03
1.418056081834389304e-01
1.363397385941911844e-01
6.052418390284471572e-04
6.149742914374797375e-04
2.594649649949767531e-02
5.177166957042294432e-02
8.292632830134033517e-02
8.285694261714600384e-02
8.053951487034097245e-02
8.553198065525245697e-02
8.261518577125007146e-02
8.451275491738145795e-02
1.017662478396092612e-01
1.221556012422928689e-01
1.933512160546076442e-01
1.788000163843842250e-01
1.805224913824782576e-02
1.828775479575607543e-02
4.059555503481884070e-02
4.606670409064574784e-02
5.763789881237668666e-02
3.374055494685461367e-03
5.065811239419454673e-03
2.245853304734108519e-02
9.691438055061585288e-02
1.081413926971788453e-01
1.058844607748769470e-02
1.006242722184573848e-02
1.658711173992887533e-01
1.696690359700603890e-01
9.142356265501782805e-03
1.020893064822931892e-02
8.905766026674066457e-03
1.014814454374352720e-02
6.607095853691651553e-03
6.619936438011273828e-03
1.748655980807392943e-02
1.744621813961019785e-02
2.950274536911504791e-02
3.066070169405453807e-02
9.107150331849445113e-02
5.530428540305235702e-02
8.343185179269473062e-02
5.157810348074724771e-02
1.846574159409209229e-02
1.821015740568621491e-02
1.894377547067916182e-02
8.159758413735256066e-02
7.785297952294716051e-02
5.850906817111323384e-03
5.429923047688197703e-03
2.365625548435152520e-02
2.474114134384976932e-02
3.816030995632744421e-02
4.596728289728160138e-02
4.561132152202808376e-02
5.318729589610613623e-02
1.204366343467345168e-01
1.197233435959047937e-01
