3.491589984649182826e-02
3.026244660717916646e-02
2.865979423035035982e-04
3.882812721203025060e-04
1.481035521585241654e-01
1.264791191682628491e-01
3.794094184457388191e-05
2.398455160721655433e-05
6.219477059075052307e-03
3.598774671476197978e-02
6.090604620060072888e-02
6.246288122128525189e-02
3.102071284806508580e-02
3.407462902131796340e-02
5.971449749427780451e-02
6.083183358149642922e-02
5.216498724937959630e-02
7.589955700937432714e-02
2.784737300129090931e-01
2.152292404743382515e-01
2.706035424055708381e-03
2.737750043733542561e-03
2.362914702421696836e-02
2.710204057522140608e-02
5.075373586494065503e-02
8.330399769122082913e-04
2.647156328308441966e-03
8.200611941095899138e-03
8.427305815485676421e-02
9.633444611581676309e-02
6.220857776559753777e-03
3.021116043123994732e-03
1.043823577242339734e-01
1.066056589310914737e-01
6.424012648520318171e-04
1.241414384837169005e-03
6.554857574259079396e-04
1.179392567053521570e-03
5.133305425897271559e-04
5.305451153768277715e-04
3.437406051771381942e-03
3.274539152143322602e-03
1.648466481470709302e-02
1.696358868348692844e-02
6.751740686166249339e-02
3.980009315083903737e-02
5.491973078869088337e-02
3.435787149349082970e-02
2.371412305044041935e-03
2.410740369698011545e-03
2.449717195151165927e-02
4.048894218537623518e-02
3.858922398968187006e-02
3.064094790949398271e-03
1.018969054612558394e-03
1.125630825051044358e-02
9.637281073188728661e-03
1.927270137320552523e-02
2.432411901566699022e-02
1.619636720570391542e-02
2.182868538960625049e-02
1.052845371751773978e-01
1.056265055966069816e-01
